Frequency (Hz)	Level (dB)
43.066406	-49.903194
86.132813	-37.664577
129.199219	-33.582497
172.265625	-34.518036
215.332031	-35.678543
258.398438	-34.972355
301.464844	-31.683437
344.531250	-27.409233
387.597656	-27.542070
430.664063	-30.611429
473.730469	-29.740246
516.796875	-28.180676
559.863281	-29.630722
602.929688	-35.424042
645.996094	-34.793739
689.062500	-32.486897
732.128906	-33.823021
775.195313	-35.815495
818.261719	-38.508556
861.328125	-39.637398
904.394531	-40.006504
947.460938	-41.126286
990.527344	-42.190960
1033.593750	-41.374371
1076.660156	-40.106239
1119.726563	-40.894512
1162.792969	-42.473782
1205.859375	-41.168072
1248.925781	-39.902279
1291.992188	-39.118942
1335.058594	-37.134995
1378.125000	-36.896576
1421.191406	-38.702183
1464.257813	-37.839527
1507.324219	-39.433887
1550.390625	-39.546227
1593.457031	-40.516384
1636.523438	-44.502617
1679.589844	-42.011948
1722.656250	-39.851902
1765.722656	-38.445465
1808.789063	-37.681351
1851.855469	-38.372738
1894.921875	-37.778152
1937.988281	-38.035671
1981.054688	-37.756012
2024.121094	-34.818848
2067.187500	-33.239136
2110.253906	-34.222664
2153.320313	-38.105774
2196.386719	-33.813389
2239.453125	-32.115208
2282.519531	-33.589710
2325.585938	-37.887386
2368.652344	-41.995567
2411.718750	-44.163242
2454.785156	-43.197914
2497.851563	-41.691174
2540.917969	-40.346607
2583.984375	-41.254200
2627.050781	-43.455368
2670.117188	-43.207825
2713.183594	-41.646633
2756.250000	-40.777676
2799.316406	-39.128086
2842.382813	-37.721764
2885.449219	-38.184509
2928.515625	-36.043972
2971.582031	-35.162888
3014.648438	-36.399414
3057.714844	-37.689915
3100.781250	-37.207397
3143.847656	-34.610462
3186.914063	-33.571812
3229.980469	-33.726059
3273.046875	-34.443024
3316.113281	-37.127407
3359.179688	-38.603416
3402.246094	-39.114513
3445.312500	-38.419281
3488.378906	-38.005753
3531.445313	-37.793858
3574.511719	-38.585949
3617.578125	-40.288380
3660.644531	-40.974911
3703.710938	-41.668106
3746.777344	-42.200531
3789.843750	-43.569622
3832.910156	-44.841732
3875.976563	-44.393902
3919.042969	-43.332359
3962.109375	-42.719479
4005.175781	-42.299362
4048.242188	-40.790802
4091.308594	-38.085541
4134.375000	-35.893185
4177.441406	-35.263729
4220.507813	-37.079502
4263.574219	-39.032993
4306.640625	-39.873905
4349.707031	-39.838650
4392.773438	-39.038971
4435.839844	-37.343025
4478.906250	-35.253029
4521.972656	-36.300823
4565.039063	-38.786007
4608.105469	-38.949299
4651.171875	-40.031216
4694.238281	-42.027454
4737.304688	-42.712807
4780.371094	-43.280315
4823.437500	-40.852962
4866.503906	-39.262093
4909.570313	-38.243774
4952.636719	-37.658051
4995.703125	-38.257614
5038.769531	-38.632820
5081.835938	-39.555820
5124.902344	-39.039616
5167.968750	-36.854343
5211.035156	-36.828365
5254.101563	-37.342449
5297.167969	-39.174263
5340.234375	-41.217262
5383.300781	-42.966156
5426.367188	-43.228024
5469.433594	-42.011177
5512.500000	-42.675751
5555.566406	-41.897808
5598.632813	-42.827950
5641.699219	-42.603371
5684.765625	-39.235889
5727.832031	-37.163837
5770.898438	-39.661190
5813.964844	-41.161217
5857.031250	-42.315399
5900.097656	-45.853580
5943.164063	-46.937077
5986.230469	-46.766331
6029.296875	-46.071507
6072.363281	-45.623447
6115.429688	-43.342999
6158.496094	-41.963169
6201.562500	-43.723366
6244.628906	-45.521801
6287.695313	-44.662556
6330.761719	-44.461842
6373.828125	-45.194679
6416.894531	-46.146553
6459.960938	-45.030029
6503.027344	-46.936729
6546.093750	-48.323250
6589.160156	-48.607918
6632.226563	-49.795746
6675.292969	-48.703518
6718.359375	-47.767063
6761.425781	-46.173882
6804.492188	-43.763046
6847.558594	-44.979252
6890.625000	-48.739609
6933.691406	-48.281609
6976.757813	-48.316425
7019.824219	-50.552124
7062.890625	-50.190987
7105.957031	-49.607841
7149.023438	-49.650833
7192.089844	-50.429874
7235.156250	-50.446999
7278.222656	-50.373665
7321.289063	-49.414906
7364.355469	-48.806320
7407.421875	-49.745682
7450.488281	-50.235580
7493.554688	-50.600479
7536.621094	-50.757629
7579.687500	-50.122593
7622.753906	-51.131424
7665.820313	-50.768379
7708.886719	-50.233963
7751.953125	-50.215733
7795.019531	-50.004608
7838.085938	-49.109398
7881.152344	-50.821609
7924.218750	-49.698025
7967.285156	-48.281170
8010.351563	-49.297562
8053.417969	-49.567467
8096.484375	-48.432152
8139.550781	-50.033676
8182.617188	-49.639881
8225.683594	-50.079147
8268.750000	-49.815361
8311.816406	-49.952244
8354.882813	-50.764771
8397.949219	-50.953453
8441.015625	-50.781429
8484.082031	-51.580902
8527.148438	-51.036835
8570.214844	-51.088066
8613.281250	-51.701431
8656.347656	-52.740238
8699.414063	-54.589607
8742.480469	-55.375019
8785.546875	-55.882061
8828.613281	-55.838909
8871.679688	-55.040756
8914.746094	-54.917130
8957.812500	-54.879032
9000.878906	-54.558720
9043.945313	-53.153065
9087.011719	-52.951935
9130.078125	-53.561615
9173.144531	-54.398819
9216.210938	-55.001316
9259.277344	-55.520061
9302.343750	-55.495953
9345.410156	-55.644085
9388.476563	-56.081924
9431.542969	-56.018356
9474.609375	-55.955784
9517.675781	-57.738327
9560.742188	-59.651333
9603.808594	-59.834064
9646.875000	-60.449604
9689.941406	-59.781975
9733.007813	-59.623489
9776.074219	-60.251869
9819.140625	-59.945282
9862.207031	-60.257004
9905.273438	-61.230900
9948.339844	-61.624577
9991.406250	-59.540714
10034.472656	-59.202339
10077.539063	-59.399330
10120.605469	-57.621170
10163.671875	-55.950073
10206.738281	-55.950176
10249.804688	-55.872417
10292.871094	-56.314339
10335.937500	-56.828732
10379.003906	-57.271088
10422.070313	-57.875511
10465.136719	-57.165970
10508.203125	-57.441914
10551.269531	-58.869820
10594.335938	-58.576332
10637.402344	-58.125744
10680.468750	-59.031029
10723.535156	-60.664494
10766.601563	-62.145161
10809.667969	-62.721588
10852.734375	-62.415375
10895.800781	-61.795414
10938.867188	-61.898415
10981.933594	-61.934700
11025.000000	-61.527317
11068.066406	-60.832111
11111.132813	-60.390850
11154.199219	-60.113506
11197.265625	-59.778763
11240.332031	-58.665836
11283.398438	-58.158314
11326.464844	-57.830025
11369.531250	-57.201416
11412.597656	-57.598839
11455.664063	-57.902245
11498.730469	-57.782307
11541.796875	-57.753433
11584.863281	-56.331310
11627.929688	-55.440563
11670.996094	-55.431198
11714.062500	-55.628880
11757.128906	-55.402084
11800.195313	-54.795311
11843.261719	-54.539742
11886.328125	-54.996738
11929.394531	-55.198421
11972.460938	-55.408276
12015.527344	-56.293388
12058.593750	-56.340126
12101.660156	-56.125092
12144.726563	-55.619835
12187.792969	-55.635365
12230.859375	-56.110111
12273.925781	-56.074032
12316.992188	-55.580067
12360.058594	-55.520699
12403.125000	-55.039265
12446.191406	-55.028099
12489.257813	-55.549404
12532.324219	-55.874882
12575.390625	-56.246330
12618.457031	-57.200893
12661.523438	-57.684830
12704.589844	-58.222759
12747.656250	-58.270893
12790.722656	-58.122593
12833.789063	-58.698750
12876.855469	-59.042126
12919.921875	-59.589386
12962.988281	-60.997532
13006.054688	-61.692608
13049.121094	-62.124962
13092.187500	-63.274265
13135.253906	-64.118347
13178.320313	-64.664612
13221.386719	-63.255688
13264.453125	-62.293930
13307.519531	-61.603947
13350.585938	-60.982594
13393.652344	-61.592712
13436.718750	-63.703720
13479.785156	-65.295372
13522.851563	-65.236900
13565.917969	-65.289795
13608.984375	-65.948326
13652.050781	-65.805046
13695.117188	-65.451904
13738.183594	-65.360191
13781.250000	-65.573524
13824.316406	-65.588150
13867.382813	-65.266472
13910.449219	-65.295258
13953.515625	-66.119942
13996.582031	-66.742210
14039.648438	-66.532318
14082.714844	-66.624260
14125.781250	-67.471886
14168.847656	-68.223274
14211.914063	-69.063789
14254.980469	-69.497543
14298.046875	-69.342972
14341.113281	-69.161530
14384.179688	-68.893211
14427.246094	-68.056694
14470.312500	-67.777420
14513.378906	-67.812424
14556.445313	-67.443718
14599.511719	-68.287094
14642.578125	-68.670418
14685.644531	-68.515808
14728.710938	-68.968102
14771.777344	-68.339394
14814.843750	-68.427399
14857.910156	-68.448341
14900.976563	-67.662331
14944.042969	-67.760071
14987.109375	-67.811531
15030.175781	-67.014122
15073.242188	-67.333427
15116.308594	-68.036949
15159.375000	-67.497917
15202.441406	-67.782097
15245.507813	-68.018951
15288.574219	-67.342850
15331.640625	-67.151611
15374.707031	-66.722282
15417.773438	-66.129959
15460.839844	-66.127151
15503.906250	-66.452347
15546.972656	-67.217369
15590.039063	-68.296417
15633.105469	-68.381248
15676.171875	-67.696777
15719.238281	-66.799423
15762.304688	-66.806541
15805.371094	-65.670326
15848.437500	-65.210327
15891.503906	-65.883720
15934.570313	-65.638107
15977.636719	-65.722969
16020.703125	-65.656601
16063.769531	-65.424431
16106.835938	-65.965034
16149.902344	-66.790894
16192.968750	-66.302933
16236.035156	-65.651031
16279.101563	-65.785637
16322.167969	-66.097672
16365.234375	-66.328232
16408.300781	-66.942337
16451.367188	-67.301514
16494.433594	-68.055183
16537.500000	-68.294556
16580.566406	-68.073067
16623.632813	-68.189651
16666.699219	-67.449135
16709.765625	-67.713341
16752.832031	-68.065392
16795.898438	-67.296623
16838.964844	-67.183273
16882.031250	-66.792229
16925.097656	-66.174850
16968.164063	-66.652039
17011.230469	-67.373672
17054.296875	-67.576096
17097.363281	-67.766907
17140.429688	-67.638779
17183.496094	-68.142471
17226.562500	-68.481949
17269.628906	-67.818748
17312.695313	-68.604462
17355.761719	-68.610519
17398.828125	-68.444435
17441.894531	-68.278534
17484.960938	-67.109901
17528.027344	-67.280914
17571.093750	-66.821472
17614.160156	-66.109161
17657.226563	-66.478783
17700.292969	-66.351563
17743.359375	-66.471931
17786.425781	-66.709961
17829.492188	-66.317558
17872.558594	-66.373535
17915.625000	-67.263016
17958.691406	-68.016685
18001.757813	-68.797852
18044.824219	-69.285164
18087.890625	-69.901199
18130.957031	-70.625565
18174.023438	-70.154442
18217.089844	-70.136948
18260.156250	-70.589630
18303.222656	-70.530609
18346.289063	-71.166840
18389.355469	-71.917107
18432.421875	-72.411652
18475.488281	-73.276825
18518.554688	-73.533760
18561.621094	-73.651489
18604.687500	-73.277802
18647.753906	-73.367249
18690.820313	-73.717255
18733.886719	-73.644646
18776.953125	-73.761627
18820.019531	-74.029015
18863.085938	-73.842789
18906.152344	-73.510521
18949.218750	-73.120163
18992.285156	-72.752014
19035.351563	-72.367416
19078.417969	-72.185463
19121.484375	-72.142357
19164.550781	-71.852623
19207.617188	-71.392570
19250.683594	-71.552338
19293.750000	-71.931976
19336.816406	-71.905655
19379.882813	-71.933777
19422.949219	-72.051170
19466.015625	-72.452339
19509.082031	-72.728989
19552.148438	-72.597290
19595.214844	-72.858147
19638.281250	-73.265289
19681.347656	-73.192039
19724.414063	-72.698830
19767.480469	-72.341301
19810.546875	-72.031136
19853.613281	-71.799774
19896.679688	-71.604179
19939.746094	-71.399261
19982.812500	-71.436974
20025.878906	-71.807541
20068.945313	-72.316612
20112.011719	-72.416641
20155.078125	-71.814575
20198.144531	-71.327156
20241.210938	-71.020485
20284.277344	-70.813957
20327.343750	-70.352379
20370.410156	-69.847153
20413.476563	-69.084595
20456.542969	-68.199371
20499.609375	-67.452995
20542.675781	-66.874298
20585.742188	-66.418755
20628.808594	-66.026672
20671.875000	-65.770958
20714.941406	-65.377174
20758.007813	-64.826073
20801.074219	-64.660828
20844.140625	-64.867058
20887.207031	-65.069992
20930.273438	-65.324112
20973.339844	-65.782906
21016.406250	-66.247635
21059.472656	-66.670898
21102.539063	-67.200836
21145.605469	-68.009300
21188.671875	-68.900192
21231.738281	-69.869133
21274.804688	-70.990623
21317.871094	-72.240036
21360.937500	-73.667397
21404.003906	-75.003250
21447.070313	-75.878510
21490.136719	-76.681458
21533.203125	-77.782028
21576.269531	-79.015160
21619.335938	-79.814484
21662.402344	-80.478264
21705.468750	-81.552139
21748.535156	-83.129372
21791.601563	-84.760185
21834.667969	-86.250900
21877.734375	-87.663391
21920.800781	-88.383514
21963.867188	-88.923943
22006.933594	-89.765396
